6.709471e+01 1.508755e+01 9.319213e+00 1.371649e+01 1.406341e+01 1.605640e+01 4.996752e+00 6.408063e+00 
1.508755e+01 6.643659e+01 1.439197e+01 5.963816e+00 1.093361e+01 9.652266e+00 1.139741e+01 6.953902e+00 
9.319213e+00 1.439197e+01 6.767409e+01 9.612175e+00 1.679818e+01 1.617569e+01 1.195194e+01 1.235117e+01 
1.371649e+01 5.963816e+00 9.612175e+00 6.540171e+01 3.668112e+00 1.108589e+01 1.300233e+00 4.721028e+00 
1.406341e+01 1.093361e+01 1.679818e+01 3.668112e+00 6.656126e+01 4.489207e+00 1.405266e+01 3.799338e+00 
1.605640e+01 9.652266e+00 1.617569e+01 1.108589e+01 4.489207e+00 6.646327e+01 7.612239e+00 3.426135e+00 
4.996752e+00 1.139741e+01 1.195194e+01 1.300233e+00 1.405266e+01 7.612239e+00 6.565820e+01 2.674557e+00 
6.408063e+00 6.953902e+00 1.235117e+01 4.721028e+00 3.799338e+00 3.426135e+00 2.674557e+00 6.487218e+01 
1.980111e+02 2.298237e+02 2.108054e+02 2.026419e+02 1.572561e+02 2.255886e+02 1.426284e+02 1.851796e+02 
